[[[0.45004506 0.45004506 0.45004506 ... 0.5109801  0.52431658 0.52749381]
  [0.45004506 0.45004506 0.45004506 ... 0.41188693 0.4194886  0.44314377]
  [0.45004506 0.45004506 0.45004506 ... 0.38787305 0.38073254 0.38757638]
  ...
  [0.45004506 0.45004506 0.41926246 ... 0.46794902 0.46405596 0.46540664]
  [0.45004506 0.45004506 0.44721921 ... 0.48387668 0.47597252 0.47412153]
  [0.45004506 0.45004506 0.49123982 ... 0.47914346 0.47375797 0.47303959]]

 [[0.4529631  0.4529631  0.4529631  ... 0.52912303 0.54610639 0.52935419]
  [0.4529631  0.4529631  0.4529631  ... 0.45455936 0.46789718 0.47592358]
  [0.4529631  0.4529631  0.4529631  ... 0.39740615 0.39785195 0.39376537]
  ...
  [0.4529631  0.4529631  0.4529631  ... 0.45603695 0.46097134 0.46426932]
  [0.4529631  0.4529631  0.4529631  ... 0.47117392 0.47141622 0.47856298]
  [0.4529631  0.4529631  0.4529631  ... 0.47418759 0.47243682 0.47609781]]

 [[0.4668366  0.4668366  0.4668366  ... 0.56487099 0.5496916  0.53869109]
  [0.4668366  0.4668366  0.4668366  ... 0.49401078 0.49382763 0.50604779]
  [0.4668366  0.4668366  0.4668366  ... 0.37576158 0.3955945  0.41191634]
  ...
  [0.4668366  0.4668366  0.4668366  ... 0.45886661 0.46305505 0.47006294]
  [0.4668366  0.4668366  0.4668366  ... 0.48600254 0.4853691  0.48863001]
  [0.4668366  0.4668366  0.4668366  ... 0.49971624 0.49131058 0.48705969]]

 ...

 [[0.49837832 0.49837832 0.51583838 ... 0.49837832 0.49837832 0.49837832]
  [0.49837832 0.49837832 0.49966175 ... 0.49837832 0.49837832 0.49837832]
  [0.49837832 0.49837832 0.48087927 ... 0.49837832 0.49837832 0.49837832]
  ...
  [0.49837832 0.49837832 0.49837832 ... 0.49837832 0.49837832 0.49837832]
  [0.49837832 0.49837832 0.49837832 ... 0.49837832 0.49837832 0.49837832]
  [0.49837832 0.49837832 0.49837832 ... 0.49837832 0.49837832 0.49837832]]

 [[0.50688204 0.50688204 0.53229731 ... 0.50688204 0.50688204 0.50688204]
  [0.50688204 0.50688204 0.51669813 ... 0.50688204 0.50688204 0.50688204]
  [0.50688204 0.50688204 0.49307199 ... 0.50688204 0.50688204 0.50688204]
  ...
  [0.50688204 0.50688204 0.50688204 ... 0.50688204 0.50688204 0.50688204]
  [0.50688204 0.50688204 0.50688204 ... 0.50688204 0.50688204 0.50688204]
  [0.50688204 0.50688204 0.50688204 ... 0.50688204 0.50688204 0.50688204]]

 [[0.50020555 0.50020555 0.50020555 ... 0.50020555 0.50020555 0.50020555]
  [0.50020555 0.50020555 0.50020555 ... 0.50020555 0.50020555 0.50020555]
  [0.50020555 0.50020555 0.50020555 ... 0.50020555 0.50020555 0.50020555]
  ...
  [0.50020555 0.50020555 0.50020555 ... 0.50020555 0.50020555 0.50020555]
  [0.50020555 0.50020555 0.50020555 ... 0.50020555 0.50020555 0.50020555]
  [0.50020555 0.50020555 0.50020555 ... 0.50020555 0.50020555 0.50020555]]]
